clearvars
J=3.228E-6;
b=3.5077E-6;
K=0.0274;
R=4;
L=2.74e-4;